#         t          x          y          z         vx         vy         vz
      0.000     98.600    119.990    127.780     28.430   -173.920    -93.230
      0.010     98.881    118.247    126.843     27.735   -174.758    -94.129
      0.020     99.155    116.495    125.897     27.025   -175.600    -95.038
      0.030     99.421    114.735    124.942     26.299   -176.445    -95.959
      0.040     99.681    112.966    123.978     25.557   -177.294    -96.890
      0.050     99.932    111.189    123.005     24.798   -178.147    -97.833
      0.060    100.176    109.403    122.021     24.021   -179.003    -98.788
      0.070    100.413    107.609    121.029     23.227   -179.862    -99.754
      0.080    100.641    105.806    120.026     22.414   -180.725   -100.732
      0.090    100.861    103.994    119.014     21.582   -181.591   -101.723
      0.100    101.072    102.174    117.992     20.731   -182.460   -102.725
      0.110    101.275    100.345    116.959     19.860   -183.331   -103.741
      0.120    101.469     98.507    115.917     18.969   -184.206   -104.769
      0.130    101.655     96.661    114.864     18.056   -185.083   -105.810
      0.140    101.831     94.806    113.801     17.121   -185.962   -106.865
      0.150    101.997     92.942    112.727     16.164   -186.844   -107.933
      0.160    102.154     91.069    111.642     15.184   -187.728   -109.015
      0.170    102.300     89.187    110.546     14.180   -188.613   -110.111
      0.180    102.437     87.296    109.440     13.151   -189.499   -111.221
      0.190    102.563     85.397    108.322     12.097   -190.387   -112.345
      0.200    102.679     83.489    107.193     11.017   -191.276   -113.484
      0.210    102.784     81.571    106.052      9.911   -192.165   -114.638
      0.220    102.877     79.645    104.900      8.776   -193.054   -115.808
      0.230    102.959     77.710    103.736      7.613   -193.943   -116.992
      0.240    103.029     75.766    102.560      6.420   -194.832   -118.192
      0.250    103.087     73.814    101.372      5.198   -195.719   -119.408
      0.260    103.133     71.852    100.172      3.943   -196.605   -120.639
      0.270    103.166     69.882     98.959      2.657   -197.489   -121.887
      0.280    103.186     67.902     97.734      1.337   -198.370   -123.152
      0.290    103.193     65.914     96.496     -0.017   -199.248   -124.433
      0.300    103.185     63.917     95.245     -1.406   -200.123   -125.731
      0.310    103.164     61.912     93.981     -2.832   -200.992   -127.045
      0.320    103.129     59.898     92.704     -4.296   -201.856   -128.377
      0.330    103.078     57.875     91.414     -5.799   -202.715   -129.726
      0.340    103.012     55.843     90.109     -7.341   -203.566   -131.093
      0.350    102.931     53.803     88.792     -8.925   -204.409   -132.477
      0.360    102.834     51.755     87.460    -10.552   -205.243   -133.878
      0.370    102.720     49.699     86.114    -12.222   -206.068   -135.297
      0.380    102.589     47.634     84.754    -13.938   -206.881   -136.734
      0.390    102.441     45.561     83.379    -15.701   -207.683   -138.189
      0.400    102.275     43.480     81.990    -17.511   -208.470   -139.661
      0.410    102.090     41.392     80.586    -19.372   -209.243   -141.150
      0.420    101.887     39.296     79.167    -21.283   -209.999   -142.657
      0.430    101.664     37.192     77.733    -23.247   -210.737   -144.182
      0.440    101.422     35.081     76.283    -25.265   -211.455   -145.723
      0.450    101.159     32.963     74.818    -27.339   -212.151   -147.281
      0.460    100.875     30.838     73.337    -29.469   -212.824   -148.855
      0.470    100.569     28.706     71.841    -31.659   -213.472   -150.445
      0.480    100.241     26.569     70.328    -33.909   -214.091   -152.051
      0.490     99.891     24.425     68.800    -36.221   -214.680   -153.671
      0.500     99.517     22.275     67.255    -38.597   -215.236   -155.306
      0.510     99.118     20.120     65.694    -41.038   -215.757   -156.954
      0.520     98.695     17.960     64.116    -43.545   -216.240   -158.614
      0.530     98.247     15.796     62.521    -46.120   -216.681   -160.285
      0.540     97.773     13.627     60.910    -48.765   -217.078   -161.966
      0.550     97.271     11.454     59.282    -51.481   -217.428   -163.656
      0.560     96.743      9.279     57.637    -54.268   -217.726   -165.353
      0.570     96.186      7.100     55.975    -57.129   -217.968   -167.055
      0.580     95.600      4.920     54.296    -60.064   -218.152   -168.761
      0.590     94.984      2.737     52.600    -63.074   -218.273   -170.469
      0.600     94.338      0.554     50.886    -66.159   -218.327   -172.175
      0.610     93.661     -1.629     49.156    -69.320   -218.309   -173.878
      0.620     92.951     -3.811     47.409    -72.557   -218.214   -175.575
      0.630     92.209     -5.993     45.645    -75.870   -218.039   -177.263
      0.640     91.433     -8.172     43.864    -79.258   -217.778   -178.938
      0.650     90.623    -10.348     42.066    -82.722   -217.425   -180.597
      0.660     89.779    -12.520     40.252    -86.258   -216.977   -182.236
      0.670     88.898    -14.687     38.421    -89.866   -216.428   -183.851
      0.680     87.981    -16.848     36.575    -93.544   -215.772   -185.438
      0.690     87.027    -19.002     34.713    -97.288   -215.005   -186.991
      0.700     86.035    -21.147     32.835   -101.096   -214.122   -188.507
      0.710     85.005    -23.284     30.943   -104.964   -213.117   -189.980
      0.720     83.935    -25.409     29.036   -108.887   -211.986   -191.405
      0.730     82.827    -27.523     27.115   -112.861   -210.725   -192.776
      0.740     81.678    -29.623     25.181   -116.878   -209.329   -194.087
      0.750     80.489    -31.708     23.234   -120.934   -207.795   -195.333
      0.760     79.259    -33.778     21.274   -125.020   -206.120   -196.508
      0.770     77.988    -35.830     19.304   -129.130   -204.301   -197.606
      0.780     76.676    -37.863     17.323   -133.253   -202.336   -198.621
      0.790     75.323    -39.876     15.332   -137.382   -200.225   -199.548
      0.800     73.929    -41.867     13.332   -141.507   -197.965   -200.380
      0.810     72.493    -43.835     11.325   -145.618   -195.560   -201.114
      0.820     71.016    -45.778      9.311   -149.703   -193.009   -201.744
      0.830     69.499    -47.694      7.290   -153.753   -190.315   -202.265
      0.840     67.942    -49.583      5.266   -157.756   -187.482   -202.674
      0.850     66.344    -51.443      3.238   -161.701   -184.513   -202.967
      0.860     64.708    -53.273      1.207   -165.577   -181.416   -203.140
      0.870     63.033    -55.071     -0.824   -169.373   -178.196   -203.160
      0.880     61.321    -56.836     -2.855   -173.076   -174.864   -203.010
      0.890     59.572    -58.568     -4.884   -176.675   -171.429   -202.736
      0.900     57.788    -60.264     -6.909   -180.160   -167.900   -202.341
      0.910     55.970    -61.925     -8.930   -183.524   -164.286   -201.828
      0.920     54.118    -63.550    -10.945   -186.760   -160.599   -201.200
      0.930     52.235    -65.137    -12.954   -189.860   -156.847   -200.460
      0.940     50.322    -66.686    -14.954   -192.821   -153.042   -199.612
      0.950     48.379    -68.197    -16.945   -195.637   -149.194   -198.659
      0.960     46.410    -69.670    -18.927   -198.305   -145.313   -197.608
      0.970     44.414    -71.104    -20.897   -200.823   -141.409   -196.464
      0.980     42.394    -72.498    -22.856   -203.191   -137.493   -195.231
      0.990     40.351    -73.853    -24.801   -205.406   -133.574   -193.917
      1.000     38.287    -75.170    -26.734   -207.471   -129.661   -192.526
      1.010     36.202    -76.447    -28.652   -209.387   -125.762   -191.065
      1.020     34.100    -77.685    -30.555   -211.155   -121.885   -189.541
      1.030     31.980    -78.885    -32.442   -212.779   -118.037   -187.959
      1.040     29.845    -80.046    -34.313   -214.262   -114.226   -186.325
      1.050     27.695    -81.169    -36.168   -215.607   -110.456   -184.645
      1.060     25.533    -82.255    -38.006   -216.820   -106.734   -182.925
      1.070     23.360    -83.304    -39.827   -217.904   -103.063   -181.169
      1.080     21.176    -84.317    -41.629   -218.864    -99.449   -179.384
      1.090     18.983    -85.294    -43.414   -219.706    -95.894   -177.574
      1.100     16.782    -86.235    -45.181   -220.434    -92.402   -175.744
      1.110     14.575    -87.142    -46.929   -221.054    -88.974   -173.898
      1.120     12.362    -88.015    -48.659   -221.571    -85.614   -172.039
      1.130     10.144    -88.855    -50.370   -221.989    -82.322   -170.172
      1.140      7.922    -89.662    -52.062   -222.316    -79.099   -168.300
      1.150      5.698    -90.437    -53.736   -222.554    -75.947   -166.427
      1.160      3.472    -91.181    -55.391   -222.710    -72.865   -164.554
      1.170      1.244    -91.895    -57.027   -222.787    -69.855   -162.685
      1.180     -0.984    -92.578    -58.644   -222.791    -66.914   -160.822
      1.190     -3.211    -93.233    -60.243   -222.726    -64.044   -158.967
      1.200     -5.438    -93.860    -61.824   -222.597    -61.244   -157.122
      1.210     -7.663    -94.458    -63.386   -222.407    -58.513   -155.289
      1.220     -9.886    -95.030    -64.930   -222.160    -55.850   -153.469
      1.230    -12.106    -95.576    -66.455   -221.861    -53.254   -151.664
      1.240    -14.323    -96.096    -67.963   -221.512    -50.724   -149.874
      1.250    -16.536    -96.591    -69.453   -221.117    -48.259   -148.101
      1.260    -18.745    -97.061    -70.925   -220.680    -45.857   -146.346
      1.270    -20.949    -97.508    -72.380   -220.202    -43.517   -144.609
      1.280    -23.149    -97.932    -73.817   -219.688    -41.238   -142.891
      1.290    -25.343    -98.333    -75.238   -219.140    -39.019   -141.193
      1.300    -27.531    -98.712    -76.641   -218.560    -36.857   -139.514
      1.310    -29.714    -99.070    -78.028   -217.950    -34.752   -137.856
      1.320    -31.890    -99.408    -79.399   -217.314    -32.702   -136.219
      1.330    -34.060    -99.725    -80.753   -216.653    -30.705   -134.602
      1.340    -36.223   -100.022    -82.091   -215.968    -28.760   -133.006
      1.350    -38.379   -100.300    -83.413   -215.263    -26.866   -131.431
      1.360    -40.528   -100.560    -84.719   -214.538    -25.022   -129.877
      1.370    -42.670   -100.801    -86.011   -213.796    -23.225   -128.344
      1.380    -44.804   -101.024    -87.286   -213.037    -21.475   -126.832
      1.390    -46.931   -101.231    -88.547   -212.264    -19.770   -125.341
      1.400    -49.049   -101.420    -89.793   -211.477    -18.108   -123.871
      1.410    -51.160   -101.593    -91.025   -210.678    -16.490   -122.421
      1.420    -53.263   -101.750    -92.242   -209.868    -14.913   -120.991
      1.430    -55.357   -101.891    -93.445   -209.049    -13.375   -119.582
      1.440    -57.444   -102.018    -94.634   -208.220    -11.877   -118.192
      1.450    -59.522   -102.129    -95.809   -207.383    -10.417   -116.822
      1.460    -61.591   -102.226    -96.970   -206.539     -8.993   -115.472
      1.470    -63.653   -102.309    -98.118   -205.689     -7.605   -114.141
      1.480    -65.705   -102.378    -99.253   -204.833     -6.251   -112.829
      1.490    -67.749   -102.434   -100.375   -203.973     -4.931   -111.536
      1.500    -69.785   -102.477   -101.484   -203.109     -3.643   -110.261
      1.510    -71.811   -102.507   -102.580   -202.241     -2.386   -109.004
      1.520    -73.829   -102.525   -103.664   -201.370     -1.160   -107.765
      1.530    -75.839   -102.531   -104.736   -200.497      0.036   -106.543
      1.540    -77.839   -102.525   -105.795   -199.622      1.203   -105.339
      1.550    -79.831   -102.507   -106.842   -198.746      2.343   -104.152
      1.560    -81.814   -102.478   -107.878   -197.868      3.455   -102.981
      1.570    -83.789   -102.438   -108.902   -196.991      4.542   -101.827
      1.580    -85.754   -102.387   -109.915   -196.113      5.602   -100.689
      1.590    -87.711   -102.326   -110.916   -195.235      6.638    -99.566
      1.600    -89.659   -102.254   -111.906   -194.358      7.650    -98.460
      1.610    -91.598   -102.173   -112.885   -193.481      8.639    -97.368
      1.620    -93.528   -102.082   -113.854   -192.606      9.604    -96.291
      1.630    -95.450   -101.981   -114.811   -191.732     10.548    -95.229
      1.640    -97.363   -101.871   -115.758   -190.859     11.471    -94.182
      1.650    -99.267   -101.752   -116.695   -189.989     12.372    -93.148
      1.660   -101.163   -101.624   -117.621   -189.120     13.254    -92.129
      1.670   -103.050   -101.487   -118.537   -188.254     14.115    -91.123
      1.680   -104.928   -101.341   -119.444   -187.389     14.958    -90.130
      1.690   -106.797   -101.188   -120.340   -186.528     15.782    -89.151
      1.700   -108.658   -101.026   -121.227   -185.669     16.588    -88.184
      1.710   -110.511   -100.856   -122.104   -184.813     17.377    -87.230
      1.720   -112.355   -100.678   -122.972   -183.960     18.148    -86.289
      1.730   -114.190   -100.493   -123.830   -183.110     18.903    -85.359
      1.740   -116.017   -100.300   -124.679   -182.263     19.642    -84.441
      1.750   -117.835   -100.100   -125.519   -181.419     20.365    -83.535
      1.760   -119.645    -99.893   -126.350   -180.579     21.072    -82.641
      1.770   -121.447    -99.679   -127.172   -179.742     21.765    -81.758
      1.780   -123.240    -99.458   -127.985   -178.909     22.444    -80.886
      1.790   -125.025    -99.230   -128.789   -178.079     23.108    -80.024
      1.800   -126.802    -98.996   -129.585   -177.252     23.758    -79.173
      1.810   -128.570    -98.755   -130.373   -176.430     24.395    -78.333
      1.820   -130.330    -98.508   -131.152   -175.611     25.019    -77.503
      1.830   -132.082    -98.255   -131.923   -174.795     25.631    -76.683
      1.840   -133.826    -97.996   -132.686   -173.984     26.229    -75.873
      1.850   -135.562    -97.730   -133.440   -173.176     26.816    -75.072
      1.860   -137.290    -97.459   -134.187   -172.372     27.391    -74.281
      1.870   -139.010    -97.183   -134.926   -171.572     27.955    -73.499
      1.880   -140.721    -96.900   -135.657   -170.776     28.507    -72.727
      1.890   -142.425    -96.612   -136.381   -169.984     29.049    -71.963
      1.900   -144.121    -96.319   -137.096   -169.195     29.580    -71.208
      1.910   -145.809    -96.021   -137.805   -168.411     30.100    -70.462
      1.920   -147.489    -95.717   -138.506   -167.630     30.610    -69.724
      1.930   -149.162    -95.409   -139.199   -166.854     31.111    -68.995
      1.940   -150.826    -95.095   -139.886   -166.081     31.602    -68.273
      1.950   -152.483    -94.777   -140.565   -165.312     32.083    -67.560
      1.960   -154.133    -94.454   -141.237   -164.547     32.555    -66.855
      1.970   -155.774    -94.126   -141.902   -163.786     33.018    -66.157
      1.980   -157.408    -93.793   -142.560   -163.028     33.473    -65.467
      1.990   -159.035    -93.456   -143.211   -162.275     33.918    -64.785
      2.000   -160.654    -93.115   -143.856   -161.525     34.356    -64.110
      2.010   -162.265    -92.769   -144.494   -160.780     34.785    -63.442
      2.020   -163.869    -92.419   -145.125   -160.038     35.206    -62.781
      2.030   -165.466    -92.065   -145.749   -159.300     35.620    -62.128
      2.040   -167.056    -91.707   -146.367   -158.566     36.026    -61.481
      2.050   -168.638    -91.345   -146.979   -157.835     36.424    -60.840
      2.060   -170.212    -90.978   -147.584   -157.108     36.815    -60.207
      2.070   -171.780    -90.608   -148.183   -156.385     37.199    -59.580
      2.080   -173.340    -90.234   -148.776   -155.666     37.576    -58.959
      2.090   -174.893    -89.857   -149.362   -154.951     37.946    -58.345
      2.100   -176.439    -89.476   -149.943   -154.239     38.309    -57.737
      2.110   -177.978    -89.091   -150.517   -153.530     38.666    -57.135
      2.120   -179.510    -88.702   -151.085   -152.826     39.016    -56.538
      2.130   -181.034    -88.310   -151.648   -152.125     39.361    -55.948
      2.140   -182.552    -87.915   -152.204   -151.428     39.699    -55.364
      2.150   -184.063    -87.516   -152.755   -150.734     40.031    -54.785
      2.160   -185.567    -87.115   -153.300   -150.043     40.357    -54.212
      2.170   -187.064    -86.709   -153.839   -149.357     40.677    -53.644
      2.180   -188.554    -86.301   -154.373   -148.673     40.992    -53.082
      2.190   -190.037    -85.890   -154.901   -147.993     41.301    -52.525
      2.200   -191.514    -85.475   -155.424   -147.317     41.605    -51.974
      2.210   -192.984    -85.058   -155.941   -146.644     41.903    -51.427
      2.220   -194.447    -84.637   -156.452   -145.974     42.197    -50.886
      2.230   -195.903    -84.214   -156.958   -145.308     42.485    -50.349
      2.240   -197.353    -83.787   -157.459   -144.645     42.768    -49.818
      2.250   -198.796    -83.358   -157.955   -143.985     43.046    -49.291
      2.260   -200.233    -82.926   -158.445   -143.329     43.320    -48.769
      2.270   -201.663    -82.492   -158.930   -142.676     43.589    -48.252
      2.280   -203.086    -82.055   -159.410   -142.026     43.853    -47.740
      2.290   -204.503    -81.615   -159.885   -141.379     44.113    -47.232
      2.300   -205.914    -81.172   -160.355   -140.736     44.368    -46.728
      2.310   -207.318    -80.728   -160.820   -140.095     44.619    -46.229
      2.320   -208.716    -80.280   -161.279   -139.458     44.866    -45.735
      2.330   -210.107    -79.830   -161.734   -138.824     45.108    -45.244
      2.340   -211.492    -79.378   -162.184   -138.192     45.346    -44.758
      2.350   -212.871    -78.923   -162.629   -137.564     45.581    -44.276
      2.360   -214.243    -78.466   -163.070   -136.939     45.811    -43.798
      2.370   -215.610    -78.007   -163.505   -136.317     46.037    -43.324
      2.380   -216.970    -77.546   -163.936   -135.698     46.260    -42.855
      2.390   -218.324    -77.082   -164.363   -135.081     46.479    -42.389
      2.400   -219.671    -76.616   -164.784   -134.468     46.694    -41.926
      2.410   -221.013    -76.148   -165.201   -133.858     46.906    -41.468
      2.420   -222.349    -75.678   -165.614   -133.250     47.114    -41.014
      2.430   -223.678    -75.206   -166.021   -132.645     47.319    -40.563
      2.440   -225.002    -74.732   -166.425   -132.043     47.520    -40.116
      2.450   -226.319    -74.255   -166.824   -131.444     47.718    -39.672
      2.460   -227.630    -73.777   -167.218   -130.847     47.912    -39.232
      2.470   -228.936    -73.297   -167.608   -130.253     48.103    -38.796
      2.480   -230.236    -72.815   -167.994   -129.662     48.292    -38.363
      2.490   -231.529    -72.331   -168.376   -129.074     48.477    -37.933
      2.500   -232.817    -71.846   -168.753   -128.488     48.658    -37.507
      2.510   -234.099    -71.358   -169.126   -127.905     48.837    -37.084
      2.520   -235.375    -70.869   -169.495   -127.324     49.013    -36.664
      2.530   -236.645    -70.378   -169.859   -126.746     49.186    -36.247
      2.540   -237.910    -69.885   -170.220   -126.171     49.356    -35.834
      2.550   -239.169    -69.391   -170.576   -125.598     49.523    -35.424
      2.560   -240.422    -68.895   -170.928   -125.028     49.688    -35.017
      2.570   -241.669    -68.397   -171.276   -124.460     49.850    -34.613
      2.580   -242.911    -67.898   -171.620   -123.894     50.009    -34.212
      2.590   -244.147    -67.397   -171.960   -123.331     50.165    -33.814
      2.600   -245.378    -66.895   -172.297   -122.771     50.319    -33.418
      2.610   -246.603    -66.391   -172.629   -122.213     50.470    -33.026
      2.620   -247.822    -65.885   -172.957   -121.657     50.619    -32.637
      2.630   -249.036    -65.378   -173.282   -121.103     50.765    -32.250
      2.640   -250.244    -64.870   -173.602   -120.552     50.909    -31.866
      2.650   -251.447    -64.360   -173.919   -120.003     51.050    -31.485
      2.660   -252.644    -63.849   -174.232   -119.457     51.189    -31.107
      2.670   -253.836    -63.336   -174.541   -118.912     51.326    -30.731
      2.680   -255.023    -62.822   -174.846   -118.370     51.460    -30.358
      2.690   -256.204    -62.307   -175.148   -117.831     51.592    -29.988
      2.700   -257.379    -61.791   -175.446   -117.293     51.722    -29.620
      2.710   -258.549    -61.273   -175.741   -116.758     51.850    -29.255
      2.720   -259.714    -60.754   -176.031   -116.224     51.976    -28.892
      2.730   -260.874    -60.233   -176.318   -115.693     52.099    -28.532
      2.740   -262.028    -59.712   -176.602   -115.164     52.220    -28.174
      2.750   -263.177    -59.189   -176.882   -114.637     52.340    -27.818
      2.760   -264.321    -58.665   -177.158   -114.112     52.457    -27.465
      2.770   -265.459    -58.140   -177.431   -113.590     52.572    -27.115
      2.780   -266.593    -57.613   -177.701   -113.069     52.685    -26.766
      2.790   -267.721    -57.086   -177.967   -112.550     52.797    -26.420
      2.800   -268.844    -56.557   -178.229   -112.034     52.906    -26.077
      2.810   -269.962    -56.028   -178.488   -111.519     53.014    -25.735
      2.820   -271.074    -55.497   -178.744   -111.006     53.119    -25.396
      2.830   -272.182    -54.965   -178.996   -110.495     53.223    -25.059
      2.840   -273.284    -54.433   -179.245   -109.987     53.325    -24.724
      2.850   -274.381    -53.899   -179.491   -109.480     53.426    -24.391
      2.860   -275.474    -53.364   -179.733   -108.975     53.524    -24.061
      2.870   -276.561    -52.828   -179.972   -108.472     53.621    -23.732
      2.880   -277.643    -52.292   -180.208   -107.970     53.716    -23.406
      2.890   -278.720    -51.754   -180.440   -107.471     53.809    -23.081
      2.900   -279.793    -51.216   -180.669   -106.973     53.901    -22.759
      2.910   -280.860    -50.676   -180.895   -106.478     53.991    -22.438
      2.920   -281.922    -50.136   -181.118   -105.984     54.080    -22.120
      2.930   -282.980    -49.595   -181.338   -105.492     54.167    -21.804
      2.940   -284.032    -49.052   -181.554   -105.001     54.252    -21.489
      2.950   -285.080    -48.510   -181.767   -104.513     54.336    -21.176
      2.960   -286.122    -47.966   -181.978   -104.026     54.418    -20.866
      2.970   -287.160    -47.421   -182.185   -103.540     54.499    -20.557
      2.980   -288.193    -46.876   -182.389   -103.057     54.578    -20.250
      2.990   -289.221    -46.330   -182.590   -102.575     54.656    -19.945
      3.000   -290.245    -45.783   -182.788   -102.095     54.732    -19.641
      3.010   -291.263    -45.235   -182.983   -101.617     54.807    -19.340
      3.020   -292.277    -44.687   -183.174   -101.140     54.880    -19.040
      3.030   -293.286    -44.137   -183.363   -100.665     54.952    -18.742
      3.040   -294.290    -43.588   -183.549   -100.191     55.023    -18.446
      3.050   -295.290    -43.037   -183.732    -99.719     55.092    -18.151
      3.060   -296.285    -42.486   -183.912    -99.249     55.160    -17.858
      3.070   -297.275    -41.934   -184.089    -98.780     55.227    -17.567
      3.080   -298.260    -41.381   -184.264    -98.313     55.292    -17.277
      3.090   -299.241    -40.828   -184.435    -97.847     55.356    -16.989
      3.100   -300.217    -40.274   -184.603    -97.383     55.419    -16.703
      3.110   -301.189    -39.720   -184.769    -96.920     55.481    -16.418
      3.120   -302.156    -39.164   -184.932    -96.459     55.541    -16.135
      3.130   -303.118    -38.609   -185.092    -96.000     55.600    -15.854
      3.140   -304.076    -38.052   -185.249    -95.542     55.658    -15.574
      3.150   -305.029    -37.496   -185.403    -95.085     55.715    -15.295
      3.160   -305.977    -36.938   -185.555    -94.630     55.770    -15.018
      3.170   -306.921    -36.380   -185.704    -94.176     55.824    -14.743
      3.180   -307.861    -35.822   -185.850    -93.724     55.877    -14.469
      3.190   -308.796    -35.263   -185.993    -93.273     55.929    -14.196
      3.200   -309.726    -34.703   -186.134    -92.823     55.980    -13.925
      3.210   -310.652    -34.143   -186.271    -92.375     56.030    -13.656
      3.220   -311.574    -33.582   -186.407    -91.928     56.079    -13.388
      3.230   -312.491    -33.021   -186.539    -91.483     56.126    -13.121
      3.240   -313.403    -32.460   -186.669    -91.039     56.173    -12.856
      3.250   -314.312    -31.898   -186.796    -90.596     56.218    -12.592
      3.260   -315.215    -31.336   -186.921    -90.155     56.262    -12.329
      3.270   -316.115    -30.773   -187.043    -89.715     56.306    -12.068
      3.280   -317.010    -30.210   -187.162    -89.276     56.348    -11.808
      3.290   -317.900    -29.646   -187.279    -88.839     56.389    -11.550
      3.300   -318.786    -29.082   -187.393    -88.402     56.429    -11.292
      3.310   -319.668    -28.517   -187.505    -87.968     56.469    -11.036
      3.320   -320.546    -27.952   -187.614    -87.534     56.507    -10.782
      3.330   -321.419    -27.387   -187.721    -87.102     56.544    -10.529
      3.340   -322.288    -26.821   -187.825    -86.670     56.580    -10.277
      3.350   -323.152    -26.255   -187.926    -86.241     56.616    -10.026
      3.360   -324.013    -25.689   -188.025    -85.812     56.650     -9.776
      3.370   -324.869    -25.122   -188.122    -85.384     56.684     -9.528
      3.380   -325.720    -24.555   -188.216    -84.958     56.716     -9.281
      3.390   -326.568    -23.988   -188.307    -84.533     56.748     -9.035
      3.400   -327.411    -23.421   -188.396    -84.109     56.779     -8.791
      3.410   -328.250    -22.853   -188.483    -83.687     56.808     -8.547
      3.420   -329.085    -22.284   -188.567    -83.265     56.837     -8.305
      3.430   -329.915    -21.716   -188.649    -82.845     56.865     -8.064
      3.440   -330.742    -21.147   -188.729    -82.425     56.893     -7.824
      3.450   -331.564    -20.578   -188.806    -82.007     56.919     -7.585
      3.460   -332.382    -20.009   -188.880    -81.590     56.944     -7.347
      3.470   -333.196    -19.439   -188.953    -81.174     56.969     -7.111
      3.480   -334.005    -18.869   -189.023    -80.760     56.993     -6.875
      3.490   -334.811    -18.299   -189.090    -80.346     57.016     -6.641
      3.500   -335.612    -17.729   -189.155    -79.933     57.038     -6.408
      3.510   -336.410    -17.159   -189.218    -79.522     57.059     -6.175
      3.520   -337.203    -16.588   -189.279    -79.111     57.080     -5.944
      3.530   -337.992    -16.017   -189.337    -78.702     57.100     -5.714
      3.540   -338.777    -15.446   -189.393    -78.294     57.119     -5.485
      3.550   -339.558    -14.875   -189.447    -77.886     57.137     -5.257
      3.560   -340.334    -14.303   -189.498    -77.480     57.154     -5.031
      3.570   -341.107    -13.731   -189.548    -77.075     57.171     -4.805
      3.580   -341.876    -13.160   -189.594    -76.671     57.187     -4.580
      3.590   -342.641    -12.588   -189.639    -76.267     57.202     -4.356
      3.600   -343.401    -12.016   -189.682    -75.865     57.217     -4.133
      3.610   -344.158    -11.443   -189.722    -75.464     57.230     -3.911
      3.620   -344.911    -10.871   -189.760    -75.064     57.243     -3.690
      3.630   -345.659    -10.299   -189.796    -74.664     57.256     -3.470
      3.640   -346.404     -9.726   -189.829    -74.266     57.267     -3.252
      3.650   -347.145     -9.153   -189.861    -73.868     57.278     -3.034
      3.660   -347.881     -8.580   -189.890    -73.472     57.288     -2.817
      3.670   -348.614     -8.007   -189.917    -73.077     57.297     -2.600
      3.680   -349.343     -7.434   -189.942    -72.682     57.306     -2.385
      3.690   -350.068     -6.861   -189.965    -72.288     57.314     -2.171
      3.700   -350.789     -6.288   -189.985    -71.896     57.322     -1.958
      3.710   -351.506     -5.715   -190.004    -71.504     57.328     -1.745
      3.720   -352.219     -5.142   -190.020    -71.113     57.334     -1.534
      3.730   -352.928     -4.568   -190.035    -70.723     57.340     -1.323
      3.740   -353.633     -3.995   -190.047    -70.334     57.344     -1.113
      3.750   -354.335     -3.421   -190.057    -69.945     57.348     -0.904
      3.760   -355.032     -2.848   -190.065    -69.558     57.352     -0.696
      3.770   -355.726     -2.274   -190.071    -69.171     57.355     -0.489
      3.780   -356.415     -1.701   -190.075    -68.786     57.357     -0.283
      3.790   -357.101     -1.127   -190.076    -68.401     57.358     -0.078
      3.800   -357.783     -0.554   -190.076    -68.017     57.359      0.127
      3.810   -358.462      0.020   -190.074    -67.634     57.359      0.331
      3.820   -359.136      0.594   -190.070    -67.251     57.359      0.534
      3.830   -359.807      1.167   -190.063    -66.870     57.358      0.736
      3.840   -360.474      1.741   -190.055    -66.489     57.357      0.937
      3.850   -361.137      2.314   -190.044    -66.109     57.355      1.138
      3.860   -361.796      2.888   -190.032    -65.730     57.352      1.337
      3.870   -362.451      3.461   -190.018    -65.352     57.349      1.536
      3.880   -363.103      4.035   -190.001    -64.974     57.345      1.734
      3.890   -363.751      4.608   -189.983    -64.598     57.340      1.932
      3.900   -364.395      5.182   -189.963    -64.222     57.335      2.128
      3.910   -365.035      5.755   -189.940    -63.847     57.329      2.324
      3.920   -365.672      6.328   -189.916    -63.472     57.323      2.519
      3.930   -366.305      6.901   -189.890    -63.099     57.317      2.713
      3.940   -366.934      7.475   -189.862    -62.726     57.309      2.907
      3.950   -367.559      8.048   -189.832    -62.353     57.301      3.099
      3.960   -368.181      8.621   -189.800    -61.982     57.293      3.292
      3.970   -368.799      9.193   -189.766    -61.611     57.284      3.483
      3.980   -369.413      9.766   -189.730    -61.241     57.274      3.673
      3.990   -370.024     10.339   -189.693    -60.872     57.264      3.863
      4.000   -370.630     10.912   -189.653    -60.503     57.254      4.052
      4.010   -371.234     11.484   -189.612    -60.136     57.243      4.241
      4.020   -371.833     12.056   -189.568    -59.768     57.231      4.429
      4.030   -372.429     12.629   -189.523    -59.402     57.219      4.616
      4.040   -373.021     13.201   -189.476    -59.036     57.206      4.802
      4.050   -373.610     13.773   -189.427    -58.671     57.193      4.988
      4.060   -374.195     14.345   -189.376    -58.307     57.179      5.172
      4.070   -374.776     14.916   -189.324    -57.943     57.165      5.357
      4.080   -375.353     15.488   -189.269    -57.580     57.150      5.540
      4.090   -375.927     16.059   -189.213    -57.217     57.135      5.723
      4.100   -376.498     16.631   -189.155    -56.856     57.120      5.906
      4.110   -377.065     17.202   -189.095    -56.495     57.103      6.087
      4.120   -377.628     17.773   -189.033    -56.134     57.087      6.268
      4.130   -378.187     18.343   -188.969    -55.774     57.069      6.448
      4.140   -378.743     18.914   -188.904    -55.415     57.052      6.628
      4.150   -379.296     19.484   -188.837    -55.056     57.034      6.807
      4.160   -379.844     20.055   -188.768    -54.698     57.015      6.986
      4.170   -380.390     20.625   -188.697    -54.341     56.996      7.163
      4.180   -380.931     21.195   -188.625    -53.984     56.976      7.341
      4.190   -381.469     21.764   -188.550    -53.628     56.956      7.517
      4.200   -382.004     22.334   -188.474    -53.273     56.936      7.693
      4.210   -382.535     22.903   -188.396    -52.918     56.915      7.868
      4.220   -383.062     23.472   -188.317    -52.563     56.893      8.043
      4.230   -383.586     24.041   -188.236    -52.210     56.871      8.217
      4.240   -384.106     24.609   -188.152    -51.856     56.849      8.391
      4.250   -384.623     25.178   -188.068    -51.504     56.826      8.563
      4.260   -385.136     25.746   -187.981    -51.152     56.803      8.736
      4.270   -385.646     26.314   -187.893    -50.800     56.779      8.908
      4.280   -386.152     26.882   -187.803    -50.449     56.755      9.079
      4.290   -386.655     27.449   -187.711    -50.099     56.730      9.249
      4.300   -387.154     28.016   -187.618    -49.749     56.705      9.419
      4.310   -387.650     28.583   -187.523    -49.400     56.680      9.589
      4.320   -388.142     29.150   -187.426    -49.051     56.654      9.758
      4.330   -388.631     29.716   -187.328    -48.703     56.627      9.926
      4.340   -389.116     30.282   -187.228    -48.355     56.600     10.094
      4.350   -389.598     30.848   -187.126    -48.008     56.573     10.261
      4.360   -390.077     31.414   -187.023    -47.662     56.545     10.428
      4.370   -390.551     31.979   -186.917    -47.315     56.517     10.594
      4.380   -391.023     32.544   -186.811    -46.970     56.489     10.759
      4.390   -391.491     33.109   -186.702    -46.625     56.460     10.924
      4.400   -391.955     33.673   -186.592    -46.280     56.430     11.089
      4.410   -392.416     34.237   -186.481    -45.936     56.401     11.253
      4.420   -392.874     34.801   -186.367    -45.593     56.370     11.416
      4.430   -393.328     35.365   -186.252    -45.249     56.340     11.579
      4.440   -393.779     35.928   -186.136    -44.907     56.309     11.742
      4.450   -394.226     36.491   -186.017    -44.565     56.277     11.904
      4.460   -394.670     37.054   -185.898    -44.223     56.246     12.065
      4.470   -395.111     37.616   -185.776    -43.882     56.213     12.226
      4.480   -395.548     38.178   -185.653    -43.541     56.181     12.386
      4.490   -395.982     38.740   -185.528    -43.201     56.148     12.546
      4.500   -396.412     39.301   -185.402    -42.861     56.114     12.705
      4.510   -396.839     39.862   -185.274    -42.522     56.080     12.864
      4.520   -397.263     40.422   -185.145    -42.183     56.046     13.023
      4.530   -397.683     40.983   -185.014    -41.844     56.011     13.181
      4.540   -398.099     41.543   -184.881    -41.506     55.976     13.338
      4.550   -398.513     42.102   -184.747    -41.169     55.941     13.495
      4.560   -398.923     42.662   -184.611    -40.831     55.905     13.651
      4.570   -399.329     43.220   -184.474    -40.495     55.869     13.807
      4.580   -399.733     43.779   -184.335    -40.158     55.832     13.963
      4.590   -400.133     44.337   -184.195    -39.823     55.795     14.118
      4.600   -400.529     44.895   -184.053    -39.487     55.758     14.273
      4.610   -400.922     45.452   -183.909    -39.152     55.720     14.427
      4.620   -401.312     46.009   -183.764    -38.817     55.682     14.580
      4.630   -401.699     46.566   -183.618    -38.483     55.643     14.734
      4.640   -402.082     47.122   -183.470    -38.149     55.604     14.886
      4.650   -402.462     47.678   -183.320    -37.816     55.565     15.039
      4.660   -402.838     48.233   -183.169    -37.483     55.525     15.191
      4.670   -403.211     48.788   -183.016    -37.150     55.485     15.342
      4.680   -403.581     49.343   -182.862    -36.818     55.445     15.493
      4.690   -403.948     49.897   -182.706    -36.486     55.404     15.644
      4.700   -404.311     50.451   -182.549    -36.155     55.363     15.794
      4.710   -404.671     51.005   -182.390    -35.824     55.321     15.943
      4.720   -405.027     51.558   -182.230    -35.493     55.280     16.093
      4.730   -405.381     52.110   -182.069    -35.162     55.237     16.241
      4.740   -405.731     52.662   -181.905    -34.832     55.195     16.390
      4.750   -406.077     53.214   -181.741    -34.503     55.152     16.538
      4.760   -406.421     53.765   -181.575    -34.173     55.108     16.685
      4.770   -406.761     54.316   -181.407    -33.844     55.065     16.832
      4.780   -407.098     54.867   -181.238    -33.516     55.021     16.979
      4.790   -407.431     55.417   -181.068    -33.187     54.976     17.125
      4.800   -407.761     55.966   -180.896    -32.860     54.931     17.271
      4.810   -408.088     56.515   -180.722    -32.532     54.886     17.417
      4.820   -408.412     57.064   -180.547    -32.205     54.841     17.562
      4.830   -408.732     57.612   -180.371    -31.878     54.795     17.707
      4.840   -409.049     58.160   -180.193    -31.551     54.748     17.851
      4.850   -409.363     58.707   -180.014    -31.225     54.702     17.995
      4.860   -409.674     59.254   -179.833    -30.899     54.655     18.138
      4.870   -409.981     59.800   -179.651    -30.573     54.608     18.282
      4.880   -410.285     60.346   -179.468    -30.248     54.560     18.424
      4.890   -410.586     60.891   -179.283    -29.923     54.512     18.567
      4.900   -410.884     61.436   -179.096    -29.598     54.464     18.709
      4.910   -411.178     61.981   -178.908    -29.274     54.415     18.850
      4.920   -411.469     62.524   -178.719    -28.950     54.366     18.991
      4.930   -411.757     63.068   -178.529    -28.626     54.316     19.132
      4.940   -412.042     63.611   -178.337    -28.302     54.267     19.273
      4.950   -412.323     64.153   -178.143    -27.979     54.217     19.413
      4.960   -412.601     64.695   -177.948    -27.656     54.166     19.552
      4.970   -412.876     65.237   -177.752    -27.333     54.115     19.692
      4.980   -413.148     65.777   -177.554    -27.011     54.064     19.831
      4.990   -413.417     66.318   -177.355    -26.689     54.013     19.969
      5.000   -413.682     66.858   -177.155    -26.367     53.961     20.107
      5.010   -413.944     67.397   -176.953    -26.045     53.909     20.245
      5.020   -414.203     67.936   -176.750    -25.724     53.856     20.383
      5.030   -414.458     68.474   -176.546    -25.403     53.803     20.520
      5.040   -414.711     69.012   -176.340    -25.082     53.750     20.657
      5.050   -414.960     69.549   -176.133    -24.762     53.697     20.793
      5.060   -415.206     70.086   -175.924    -24.441     53.643     20.929
      5.070   -415.449     70.622   -175.714    -24.121     53.589     21.065
      5.080   -415.689     71.158   -175.503    -23.801     53.534     21.201
      5.090   -415.925     71.693   -175.290    -23.482     53.479     21.336
      5.100   -416.158     72.227   -175.076    -23.162     53.424     21.470
      5.110   -416.388     72.761   -174.861    -22.843     53.368     21.605
      5.120   -416.615     73.295   -174.644    -22.524     53.312     21.739
      5.130   -416.839     73.827   -174.426    -22.206     53.256     21.873
      5.140   -417.059     74.360   -174.206    -21.887     53.200     22.006
      5.150   -417.276     74.891   -173.986    -21.569     53.143     22.139
      5.160   -417.491     75.423   -173.764    -21.251     53.085     22.272
      5.170   -417.701     75.953   -173.540    -20.934     53.028     22.404
      5.180   -417.909     76.483   -173.316    -20.616     52.970     22.536
      5.190   -418.114     77.013   -173.089    -20.299     52.912     22.668
      5.200   -418.315     77.541   -172.862    -19.982     52.853     22.800
      5.210   -418.513     78.070   -172.633    -19.665     52.794     22.931
      5.220   -418.709     78.597   -172.404    -19.348     52.735     23.061
      5.230   -418.900     79.124   -172.172    -19.031     52.675     23.192
      5.240   -419.089     79.651   -171.940    -18.715     52.615     23.322
      5.250   -419.275     80.177   -171.706    -18.399     52.555     23.452
      5.260   -419.457     80.702   -171.471    -18.083     52.494     23.581
      5.270   -419.636     81.226   -171.234    -17.767     52.433     23.711
      5.280   -419.812     81.750   -170.996    -17.452     52.372     23.840
      5.290   -419.985     82.274   -170.757    -17.136     52.311     23.968
      5.300   -420.155     82.797   -170.517    -16.821     52.249     24.097
      5.310   -420.322     83.319   -170.275    -16.506     52.186     24.225
      5.320   -420.485     83.840   -170.033    -16.191     52.124     24.352
      5.330   -420.646     84.361   -169.788    -15.877     52.061     24.480
      5.340   -420.803     84.882   -169.543    -15.562     51.998     24.607
      5.350   -420.957     85.401   -169.296    -15.248     51.934     24.734
      5.360   -421.108     85.920   -169.048    -14.933     51.870     24.860
      5.370   -421.256     86.439   -168.799    -14.619     51.806     24.986
      5.380   -421.400     86.956   -168.549    -14.305     51.741     25.112
      5.390   -421.542     87.474   -168.297    -13.992     51.676     25.238
      5.400   -421.680     87.990   -168.044    -13.678     51.611     25.363
      5.410   -421.815     88.506   -167.790    -13.365     51.545     25.488
      5.420   -421.947     89.021   -167.534    -13.051     51.480     25.613
      5.430   -422.076     89.535   -167.277    -12.738     51.413     25.738
      5.440   -422.202     90.049   -167.019    -12.425     51.347     25.862
      5.450   -422.325     90.562   -166.760    -12.112     51.280     25.986
      5.460   -422.444     91.075   -166.500    -11.799     51.213     26.110
      5.470   -422.561     91.587   -166.238    -11.487     51.145     26.233
      5.480   -422.674     92.098   -165.975    -11.174     51.077     26.356
      5.490   -422.784     92.608   -165.711    -10.862     51.009     26.479
      5.500   -422.891     93.118   -165.445    -10.550     50.940     26.601
      5.510   -422.995     93.627   -165.179    -10.237     50.871     26.724
      5.520   -423.096     94.135   -164.911     -9.925     50.802     26.846
      5.530   -423.194     94.643   -164.642     -9.613     50.732     26.967
      5.540   -423.288     95.150   -164.372     -9.302     50.663     27.089
      5.550   -423.380     95.656   -164.100     -8.990     50.592     27.210
      5.560   -423.468     96.162   -163.827     -8.678     50.522     27.331
      5.570   -423.553     96.667   -163.553     -8.367     50.451     27.452
      5.580   -423.635     97.171   -163.278     -8.055     50.380     27.572
      5.590   -423.714     97.674   -163.002     -7.744     50.308     27.692
      5.600   -423.790     98.177   -162.724     -7.433     50.236     27.812
      5.610   -423.863     98.679   -162.446     -7.121     50.164     27.932
      5.620   -423.933     99.180   -162.166     -6.810     50.091     28.051
      5.630   -423.999     99.681   -161.885     -6.499     50.018     28.170
      5.640   -424.063    100.181   -161.602     -6.188     49.945     28.289
      5.650   -424.123    100.680   -161.319     -5.878     49.871     28.408
      5.660   -424.180    101.178   -161.034     -5.567     49.797     28.526
      5.670   -424.234    101.676   -160.748     -5.256     49.723     28.644
      5.680   -424.285    102.172   -160.461     -4.945     49.648     28.762
      5.690   -424.333    102.669   -160.173     -4.635     49.574     28.880
      5.700   -424.378    103.164   -159.884     -4.324     49.498     28.997
      5.710   -424.420    103.658   -159.593     -4.014     49.423     29.114
      5.720   -424.458    104.152   -159.302     -3.704     49.347     29.231
      5.730   -424.494    104.645   -159.009     -3.393     49.270     29.348
      5.740   -424.526    105.138   -158.715     -3.083     49.194     29.464
      5.750   -424.556    105.629   -158.419     -2.773     49.117     29.580
      5.760   -424.582    106.120   -158.123     -2.463     49.039     29.696
      5.770   -424.605    106.610   -157.825     -2.152     48.962     29.812
      5.780   -424.625    107.099   -157.527     -1.842     48.883     29.927
      5.790   -424.642    107.588   -157.227     -1.532     48.805     30.042
      5.800   -424.655    108.075   -156.926     -1.222     48.726     30.157
      5.810   -424.666    108.562   -156.624     -0.912     48.647     30.272
      5.820   -424.674    109.048   -156.320     -0.602     48.568     30.386
      5.830   -424.678    109.534   -156.016     -0.292     48.488     30.501
      5.840   -424.679    110.018   -155.710      0.018     48.408     30.615
      5.850   -424.678    110.502   -155.404      0.327     48.328     30.728
      5.860   -424.673    110.985   -155.096      0.637     48.247     30.842
      5.870   -424.665    111.467   -154.787      0.947     48.166     30.955
      5.880   -424.654    111.948   -154.477      1.257     48.084     31.068
      5.890   -424.640    112.428   -154.166      1.567     48.002     31.181
      5.900   -424.623    112.908   -153.853      1.877     47.920     31.294
      5.910   -424.602    113.387   -153.540      2.186     47.838     31.406
      5.920   -424.579    113.865   -153.225      2.496     47.755     31.518
      5.930   -424.552    114.342   -152.909      2.806     47.671     31.630
      5.940   -424.523    114.818   -152.592      3.116     47.588     31.742
      5.950   -424.490    115.294   -152.274      3.426     47.504     31.854
      5.960   -424.454    115.768   -151.955      3.736     47.419     31.965
      5.970   -424.415    116.242   -151.635      4.045     47.335     32.076
      5.980   -424.373    116.715   -151.314      4.355     47.250     32.187
      5.990   -424.328    117.187   -150.991      4.665     47.164     32.298
      6.000   -424.280    117.658   -150.668      4.975     47.079     32.408
      6.010   -424.229    118.129   -150.343      5.285     46.992     32.518
      6.020   -424.174    118.598   -150.018      5.595     46.906     32.628
      6.030   -424.117    119.067   -149.691      5.905     46.819     32.738
      6.040   -424.056    119.534   -149.363      6.215     46.732     32.848
      6.050   -423.993    120.001   -149.034      6.525     46.644     32.957
      6.060   -423.926    120.467   -148.704      6.835     46.556     33.066
      6.070   -423.856    120.932   -148.372      7.145     46.468     33.175
      6.080   -423.783    121.397   -148.040      7.455     46.379     33.284
      6.090   -423.707    121.860   -147.707      7.765     46.290     33.392
      6.100   -423.628    122.322   -147.372      8.076     46.201     33.500
      6.110   -423.545    122.784   -147.037      8.386     46.111     33.609
      6.120   -423.460    123.245   -146.700      8.696     46.021     33.716
      6.130   -423.371    123.704   -146.362      9.007     45.931     33.824
      6.140   -423.280    124.163   -146.024      9.317     45.840     33.932
      6.150   -423.185    124.621   -145.684      9.628     45.748     34.039
      6.160   -423.087    125.078   -145.343      9.938     45.657     34.146
      6.170   -422.986    125.534   -145.001     10.249     45.565     34.253
      6.180   -422.882    125.990   -144.658     10.559     45.472     34.360
      6.190   -422.775    126.444   -144.314     10.870     45.380     34.466
      6.200   -422.665    126.897   -143.968     11.181     45.286     34.572
      6.210   -422.551    127.350   -143.622     11.492     45.193     34.678
      6.220   -422.435    127.801   -143.275     11.803     45.099     34.784
      6.230   -422.315    128.252   -142.927     12.114     45.005     34.890
      6.240   -422.193    128.701   -142.577     12.425     44.910     34.995
      6.250   -422.067    129.150   -142.227     12.737     44.815     35.101
      6.260   -421.938    129.597   -141.875     13.048     44.719     35.206
      6.270   -421.806    130.044   -141.523     13.359     44.624     35.311
      6.280   -421.671    130.490   -141.169     13.671     44.527     35.415
      6.290   -421.532    130.935   -140.814     13.983     44.431     35.520
      6.300   -421.391    131.379   -140.459     14.294     44.334     35.624
      6.310   -421.247    131.821   -140.102     14.606     44.236     35.728
      6.320   -421.099    132.263   -139.744     14.918     44.139     35.832
      6.330   -420.948    132.704   -139.385     15.230     44.040     35.936
      6.340   -420.794    133.144   -139.025     15.542     43.942     36.039
      6.350   -420.637    133.583   -138.664     15.855     43.843     36.143
      6.360   -420.477    134.021   -138.302     16.167     43.743     36.246
      6.370   -420.314    134.458   -137.939     16.480     43.644     36.349
      6.380   -420.148    134.894   -137.575     16.792     43.543     36.451
      6.390   -419.978    135.329   -137.210     17.105     43.443     36.554
      6.400   -419.806    135.763   -136.844     17.418     43.342     36.656
      6.410   -419.630    136.196   -136.477     17.731     43.240     36.759
      6.420   -419.451    136.627   -136.109     18.044     43.138     36.861
      6.430   -419.269    137.058   -135.740     18.358     43.036     36.963
      6.440   -419.084    137.488   -135.370     18.671     42.934     37.064
      6.450   -418.896    137.917   -134.999     18.985     42.830     37.166
      6.460   -418.704    138.345   -134.627     19.299     42.727     37.267
      6.470   -418.510    138.771   -134.253     19.613     42.623     37.368
      6.480   -418.312    139.197   -133.879     19.927     42.519     37.469
      6.490   -418.111    139.622   -133.504     20.241     42.414     37.570
      6.500   -417.907    140.045   -133.128     20.555     42.309     37.670
      6.510   -417.700    140.468   -132.751     20.870     42.203     37.771
      6.520   -417.490    140.890   -132.372     21.185     42.097     37.871
      6.530   -417.276    141.310   -131.993     21.500     41.991     37.971
      6.540   -417.060    141.729   -131.613     21.815     41.884     38.071
      6.550   -416.840    142.148   -131.232     22.130     41.777     38.170
      6.560   -416.617    142.565   -130.850     22.445     41.669     38.270
      6.570   -416.391    142.981   -130.466     22.761     41.561     38.369
      6.580   -416.162    143.396   -130.082     23.077     41.452     38.468
      6.590   -415.929    143.810   -129.697     23.393     41.343     38.567
      6.600   -415.694    144.223   -129.311     23.709     41.233     38.666
      6.610   -415.455    144.635   -128.924     24.025     41.123     38.764
      6.620   -415.213    145.045   -128.536     24.342     41.013     38.863
      6.630   -414.968    145.455   -128.146     24.659     40.902     38.961
      6.640   -414.720    145.863   -127.756     24.975     40.791     39.059
      6.650   -414.469    146.271   -127.365     25.293     40.679     39.157
      6.660   -414.214    146.677   -126.973     25.610     40.567     39.254
      6.670   -413.957    147.082   -126.580     25.928     40.454     39.352
      6.680   -413.696    147.486   -126.186     26.245     40.341     39.449
      6.690   -413.432    147.889   -125.791     26.563     40.228     39.547
      6.700   -413.165    148.291   -125.395     26.882     40.114     39.643
      6.710   -412.894    148.691   -124.998     27.200     39.999     39.740
      6.720   -412.621    149.091   -124.600     27.519     39.884     39.837
      6.730   -412.344    149.489   -124.202     27.838     39.769     39.933
      6.740   -412.064    149.886   -123.802     28.157     39.653     40.030
      6.750   -411.781    150.282   -123.401     28.476     39.536     40.126
      6.760   -411.494    150.677   -122.999     28.796     39.420     40.222
      6.770   -411.205    151.070   -122.597     29.116     39.302     40.318
      6.780   -410.912    151.463   -122.193     29.436     39.185     40.413
      6.790   -410.616    151.854   -121.788     29.756     39.066     40.509
      6.800   -410.317    152.244   -121.383     30.077     38.947     40.604
      6.810   -410.015    152.633   -120.976     30.398     38.828     40.699
      6.820   -409.709    153.021   -120.569     30.719     38.708     40.794
      6.830   -409.400    153.407   -120.160     31.040     38.588     40.889
      6.840   -409.088    153.792   -119.751     31.362     38.468     40.983
      6.850   -408.773    154.177   -119.341     31.684     38.346     41.078
      6.860   -408.454    154.559   -118.929     32.006     38.225     41.172
      6.870   -408.133    154.941   -118.517     32.328     38.102     41.266
      6.880   -407.808    155.321   -118.104     32.651     37.980     41.360
      6.890   -407.480    155.701   -117.690     32.974     37.856     41.453
      6.900   -407.148    156.079   -117.275     33.298     37.733     41.547
      6.910   -406.814    156.455   -116.859     33.621     37.608     41.640
      6.920   -406.476    156.831   -116.442     33.945     37.484     41.734
      6.930   -406.135    157.205   -116.024     34.269     37.358     41.827
      6.940   -405.791    157.578   -115.606     34.594     37.233     41.919
      6.950   -405.443    157.950   -115.186     34.919     37.106     42.012
      6.960   -405.092    158.320   -114.766     35.244     36.979     42.105
      6.970   -404.738    158.689   -114.344     35.569     36.852     42.197
      6.980   -404.381    159.057   -113.922     35.895     36.724     42.289
      6.990   -404.020    159.424   -113.498     36.221     36.596     42.381
      7.000   -403.656    159.789   -113.074     36.547     36.467     42.473
      7.010   -403.289    160.153   -112.649     36.874     36.337     42.565
      7.020   -402.919    160.516   -112.223     37.201     36.207     42.656
      7.030   -402.545    160.877   -111.796     37.528     36.076     42.748
      7.040   -402.168    161.237   -111.368     37.856     35.945     42.839
      7.050   -401.788    161.596   -110.939     38.184     35.813     42.930
      7.060   -401.405    161.953   -110.509     38.512     35.681     43.021
      7.070   -401.018    162.310   -110.078     38.841     35.548     43.111
      7.080   -400.628    162.664   -109.647     39.170     35.415     43.202
      7.090   -400.234    163.018   -109.214     39.500     35.281     43.292
      7.100   -399.838    163.370   -108.781     39.829     35.146     43.382
      7.110   -399.438    163.721   -108.347     40.160     35.011     43.472
      7.120   -399.035    164.070   -107.912     40.490     34.876     43.562
      7.130   -398.628    164.418   -107.476     40.821     34.739     43.652
      7.140   -398.218    164.765   -107.039     41.152     34.603     43.741
      7.150   -397.805    165.110   -106.601     41.484     34.465     43.831
      7.160   -397.389    165.454   -106.162     41.816     34.327     43.920
      7.170   -396.969    165.797   -105.722     42.148     34.189     44.009
      7.180   -396.546    166.138   -105.282     42.481     34.049     44.097
      7.190   -396.119    166.478   -104.840     42.814     33.910     44.186
      7.200   -395.689    166.816   -104.398     43.148     33.769     44.274
      7.210   -395.256    167.153   -103.955     43.482     33.628     44.363
      7.220   -394.820    167.489   -103.511     43.816     33.487     44.451
      7.230   -394.380    167.823   -103.066     44.151     33.344     44.539
      7.240   -393.937    168.156   -102.620     44.486     33.201     44.627
      7.250   -393.490    168.487   -102.173     44.821     33.058     44.714
      7.260   -393.040    168.817   -101.726     45.157     32.914     44.802
      7.270   -392.587    169.145   -101.277     45.494     32.769     44.889
      7.280   -392.130    169.472   -100.828     45.831     32.624     44.976
      7.290   -391.670    169.798   -100.378     46.168     32.478     45.063
      7.300   -391.207    170.122    -99.927     46.506     32.331     45.150
      7.310   -390.740    170.444    -99.475     46.844     32.184     45.236
      7.320   -390.270    170.766    -99.022     47.182     32.036     45.322
      7.330   -389.797    171.085    -98.568     47.521     31.887     45.409
      7.340   -389.320    171.403    -98.114     47.861     31.738     45.495
      7.350   -388.839    171.720    -97.658     48.201     31.588     45.581
      7.360   -388.356    172.035    -97.202     48.541     31.438     45.666
      7.370   -387.869    172.349    -96.745     48.882     31.287     45.752
      7.380   -387.378    172.661    -96.287     49.223     31.135     45.837
      7.390   -386.884    172.971    -95.828     49.565     30.982     45.922
      7.400   -386.387    173.280    -95.369     49.908     30.829     46.007
      7.410   -385.886    173.588    -94.908     50.250     30.675     46.092
      7.420   -385.382    173.894    -94.447     50.594     30.520     46.176
      7.430   -384.874    174.198    -93.985     50.937     30.365     46.261
      7.440   -384.363    174.501    -93.522     51.282     30.209     46.345
      7.450   -383.848    174.802    -93.058     51.626     30.052     46.429
      7.460   -383.330    175.102    -92.593     51.972     29.895     46.513
      7.470   -382.809    175.400    -92.128     52.317     29.736     46.597
      7.480   -382.284    175.697    -91.661     52.664     29.577     46.680
      7.490   -381.756    175.992    -91.194     53.010     29.418     46.764
      7.500   -381.224    176.285    -90.726     53.358     29.257     46.847
      7.510   -380.689    176.577    -90.257     53.706     29.096     46.930
      7.520   -380.150    176.867    -89.787     54.054     28.934     47.013
      7.530   -379.607    177.156    -89.317     54.403     28.772     47.095
      7.540   -379.062    177.443    -88.845     54.752     28.609     47.178
      7.550   -378.512    177.728    -88.373     55.102     28.444     47.260
      7.560   -377.960    178.012    -87.900     55.453     28.280     47.342
      7.570   -377.403    178.294    -87.426     55.804     28.114     47.424
      7.580   -376.844    178.574    -86.952     56.156     27.948     47.505
      7.590   -376.280    178.852    -86.476     56.508     27.780     47.587
      7.600   -375.713    179.129    -86.000     56.861     27.612     47.668
      7.610   -375.143    179.405    -85.523     57.214     27.444     47.749
      7.620   -374.569    179.678    -85.045     57.568     27.274     47.830
      7.630   -373.992    179.950    -84.566     57.923     27.104     47.911
      7.640   -373.411    180.220    -84.087     58.278     26.933     47.991
      7.650   -372.826    180.489    -83.607     58.634     26.761     48.071
      7.660   -372.238    180.756    -83.125     58.990     26.588     48.152
      7.670   -371.646    181.021    -82.643     59.347     26.414     48.231
      7.680   -371.051    181.284    -82.161     59.705     26.240     48.311
      7.690   -370.452    181.545    -81.677     60.063     26.065     48.391
      7.700   -369.850    181.805    -81.193     60.422     25.889     48.470
      7.710   -369.244    182.063    -80.708     60.781     25.712     48.549
      7.720   -368.634    182.319    -80.222     61.141     25.534     48.628
      7.730   -368.021    182.574    -79.735     61.502     25.355     48.707
      7.740   -367.404    182.826    -79.248     61.863     25.176     48.785
      7.750   -366.784    183.077    -78.760     62.225     24.995     48.863
      7.760   -366.160    183.326    -78.271     62.588     24.814     48.941
      7.770   -365.532    183.574    -77.781     62.951     24.632     49.019
      7.780   -364.901    183.819    -77.290     63.315     24.449     49.097
      7.790   -364.266    184.063    -76.799     63.680     24.265     49.174
      7.800   -363.627    184.304    -76.307     64.045     24.080     49.252
      7.810   -362.985    184.544    -75.814     64.411     23.894     49.329
      7.820   -362.339    184.782    -75.320     64.778     23.707     49.405
      7.830   -361.689    185.018    -74.826     65.145     23.519     49.482
      7.840   -361.036    185.253    -74.330     65.514     23.331     49.558
      7.850   -360.379    185.485    -73.835     65.882     23.141     49.635
      7.860   -359.718    185.715    -73.338     66.252     22.951     49.710
      7.870   -359.054    185.944    -72.840     66.622     22.759     49.786
      7.880   -358.386    186.171    -72.342     66.993     22.567     49.862
      7.890   -357.714    186.395    -71.843     67.365     22.374     49.937
      7.900   -357.038    186.618    -71.343     67.737     22.179     50.012
      7.910   -356.359    186.839    -70.843     68.111     21.984     50.087
      7.920   -355.676    187.058    -70.342     68.485     21.787     50.161
      7.930   -354.989    187.275    -69.840     68.859     21.590     50.235
      7.940   -354.299    187.489    -69.337     69.235     21.392     50.310
      7.950   -353.605    187.702    -68.833     69.611     21.192     50.383
      7.960   -352.907    187.913    -68.329     69.988     20.992     50.457
      7.970   -352.205    188.122    -67.824     70.366     20.790     50.530
      7.980   -351.499    188.329    -67.319     70.745     20.588     50.603
      7.990   -350.790    188.534    -66.812     71.124     20.384     50.676
      8.000   -350.077    188.737    -66.305     71.504     20.179     50.749
      8.010   -349.360    188.938    -65.797     71.885     19.974     50.821
      8.020   -348.639    189.136    -65.289     72.267     19.767     50.893
      8.030   -347.915    189.333    -64.779     72.650     19.559     50.965
      8.040   -347.186    189.527    -64.269     73.033     19.350     51.037
      8.050   -346.454    189.720    -63.759     73.418     19.140     51.108
      8.060   -345.718    189.910    -63.247     73.803     18.929     51.179
      8.070   -344.978    190.098    -62.735     74.189     18.716     51.250
      8.080   -344.234    190.285    -62.222     74.576     18.503     51.321
      8.090   -343.486    190.468    -61.709     74.963     18.288     51.391
      8.100   -342.735    190.650    -61.194     75.352     18.072     51.461
      8.110   -341.979    190.830    -60.679     75.742     17.855     51.531
      8.120   -341.220    191.007    -60.164     76.132     17.637     51.600
      8.130   -340.457    191.183    -59.647     76.523     17.417     51.670
      8.140   -339.690    191.356    -59.130     76.916     17.197     51.739
      8.150   -338.918    191.527    -58.613     77.309     16.975     51.807
      8.160   -338.143    191.695    -58.094     77.703     16.752     51.876
      8.170   -337.364    191.862    -57.575     78.098     16.528     51.944
      8.180   -336.581    192.026    -57.055     78.494     16.302     52.011
      8.190   -335.794    192.188    -56.535     78.891     16.075     52.079
      8.200   -335.004    192.347    -56.014     79.288     15.847     52.146
      8.210   -334.209    192.505    -55.492     79.687     15.618     52.213
      8.220   -333.410    192.660    -54.970     80.087     15.387     52.280
      8.230   -332.607    192.812    -54.446     80.488     15.155     52.346
      8.240   -331.800    192.963    -53.923     80.889     14.922     52.412
      8.250   -330.989    193.111    -53.398     81.292     14.688     52.478
      8.260   -330.174    193.256    -52.873     81.696     14.452     52.543
      8.270   -329.355    193.400    -52.347     82.100     14.214     52.608
      8.280   -328.532    193.541    -51.821     82.506     13.976     52.673
      8.290   -327.705    193.679    -51.294     82.913     13.736     52.737
      8.300   -326.874    193.815    -50.766     83.321     13.494     52.801
      8.310   -326.039    193.949    -50.238     83.730     13.252     52.865
      8.320   -325.199    194.080    -49.709     84.139     13.007     52.928
      8.330   -324.356    194.209    -49.179     84.550     12.762     52.991
      8.340   -323.508    194.336    -48.649     84.962     12.515     53.054
      8.350   -322.657    194.460    -48.118     85.375     12.266     53.116
      8.360   -321.801    194.581    -47.587     85.790     12.016     53.178
      8.370   -320.941    194.700    -47.055     86.205     11.765     53.240
      8.380   -320.077    194.816    -46.522     86.621     11.512     53.301
      8.390   -319.208    194.930    -45.989     87.039     11.257     53.362
      8.400   -318.336    195.041    -45.455     87.457     11.001     53.423
      8.410   -317.459    195.150    -44.920     87.877     10.743     53.483
      8.420   -316.578    195.256    -44.385     88.298     10.484     53.543
      8.430   -315.693    195.360    -43.849     88.720     10.223     53.602
      8.440   -314.804    195.461    -43.313     89.143      9.961     53.661
      8.450   -313.910    195.559    -42.776     89.568      9.697     53.720
      8.460   -313.013    195.655    -42.239     89.993      9.431     53.778
      8.470   -312.111    195.748    -41.701     90.420      9.164     53.836
      8.480   -311.204    195.838    -41.162     90.848      8.895     53.893
      8.490   -310.294    195.926    -40.623     91.278      8.625     53.950
      8.500   -309.379    196.010    -40.083     91.708      8.353     54.007
      8.510   -308.459    196.093    -39.543     92.140      8.079     54.063
      8.520   -307.536    196.172    -39.002     92.573      7.803     54.119
      8.530   -306.608    196.249    -38.460     93.007      7.525     54.174
      8.540   -305.676    196.323    -37.918     93.442      7.246     54.229
      8.550   -304.739    196.394    -37.376     93.879      6.965     54.283
      8.560   -303.798    196.462    -36.832     94.317      6.683     54.337
      8.570   -302.853    196.527    -36.289     94.756      6.398     54.391
      8.580   -301.903    196.590    -35.745     95.197      6.111     54.444
      8.590   -300.949    196.649    -35.200     95.639      5.823     54.496
      8.600   -299.990    196.706    -34.655     96.082      5.533     54.549
      8.610   -299.027    196.760    -34.109     96.527      5.241     54.600
      8.620   -298.060    196.811    -33.563     96.973      4.947     54.651
      8.630   -297.088    196.859    -33.016     97.420      4.651     54.702
      8.640   -296.111    196.904    -32.469     97.869      4.353     54.752
      8.650   -295.130    196.946    -31.921     98.319      4.053     54.802
      8.660   -294.145    196.985    -31.373     98.771      3.751     54.851
      8.670   -293.155    197.021    -30.824     99.224      3.447     54.899
      8.680   -292.160    197.054    -30.275     99.678      3.141     54.947
      8.690   -291.161    197.084    -29.725    100.134      2.833     54.995
      8.700   -290.158    197.111    -29.175    100.592      2.523     55.042
      8.710   -289.149    197.134    -28.624    101.050      2.211     55.088
      8.720   -288.137    197.155    -28.073    101.511      1.897     55.134
      8.730   -287.119    197.172    -27.521    101.973      1.580     55.179
      8.740   -286.097    197.187    -26.969    102.436      1.261     55.224
      8.750   -285.071    197.198    -26.417    102.901      0.940     55.268
      8.760   -284.039    197.205    -25.864    103.367      0.617     55.312
      8.770   -283.003    197.210    -25.311    103.835      0.292     55.354
      8.780   -281.962    197.211    -24.757    104.304     -0.036     55.397
      8.790   -280.917    197.209    -24.203    104.775     -0.366     55.438
      8.800   -279.867    197.204    -23.648    105.248     -0.699     55.479
      8.810   -278.812    197.195    -23.093    105.722     -1.033     55.520
      8.820   -277.753    197.183    -22.538    106.198     -1.371     55.559
      8.830   -276.688    197.168    -21.982    106.676     -1.710     55.598
      8.840   -275.619    197.149    -21.426    107.155     -2.052     55.637
      8.850   -274.545    197.127    -20.869    107.636     -2.397     55.674
      8.860   -273.466    197.101    -20.312    108.118     -2.744     55.711
      8.870   -272.383    197.072    -19.755    108.602     -3.094     55.748
      8.880   -271.294    197.039    -19.197    109.088     -3.446     55.783
      8.890   -270.201    197.003    -18.639    109.576     -3.801     55.818
      8.900   -269.103    196.963    -18.081    110.065     -4.158     55.852
      8.910   -268.000    196.920    -17.522    110.556     -4.518     55.885
      8.920   -266.892    196.873    -16.963    111.049     -4.881     55.918
      8.930   -265.779    196.822    -16.404    111.544     -5.247     55.949
      8.940   -264.661    196.768    -15.844    112.040     -5.615     55.980
      8.950   -263.538    196.710    -15.284    112.539     -5.986     56.010
      8.960   -262.410    196.648    -14.724    113.039     -6.360     56.040
      8.970   -261.277    196.582    -14.164    113.541     -6.737     56.068
      8.980   -260.139    196.513    -13.603    114.045     -7.117     56.096
      8.990   -258.996    196.440    -13.042    114.550     -7.500     56.123
      9.000   -257.848    196.363    -12.480    115.058     -7.886     56.148
      9.010   -256.695    196.282    -11.919    115.567     -8.274     56.173
      9.020   -255.537    196.198    -11.357    116.079     -8.666     56.197
      9.030   -254.373    196.109    -10.795    116.592     -9.061     56.221
      9.040   -253.205    196.016    -10.233    117.108     -9.459     56.243
      9.050   -252.031    195.920     -9.670    117.625     -9.861     56.264
      9.060   -250.852    195.819     -9.107    118.144    -10.265     56.284
      9.070   -249.668    195.715     -8.544    118.666    -10.673     56.303
      9.080   -248.479    195.606     -7.981    119.189    -11.084     56.322
      9.090   -247.284    195.493     -7.418    119.715    -11.499     56.339
      9.100   -246.085    195.376     -6.854    120.242    -11.917     56.355
      9.110   -244.880    195.254     -6.291    120.772    -12.338     56.370
      9.120   -243.669    195.129     -5.727    121.304    -12.763     56.384
      9.130   -242.454    194.999     -5.163    121.837    -13.192     56.397
      9.140   -241.232    194.865     -4.599    122.373    -13.624     56.408
      9.150   -240.006    194.727     -4.035    122.912    -14.059     56.419
      9.160   -238.774    194.584     -3.471    123.452    -14.499     56.428
      9.170   -237.537    194.437     -2.906    123.995    -14.942     56.436
      9.180   -236.294    194.285     -2.342    124.539    -15.389     56.443
      9.190   -235.046    194.129     -1.778    125.087    -15.840     56.449
      9.200   -233.793    193.968     -1.213    125.636    -16.295     56.453
      9.210   -232.533    193.803     -0.648    126.188    -16.753     56.456
      9.220   -231.269    193.633     -0.084    126.741    -17.216     56.457
      9.230   -229.999    193.459      0.481    127.298    -17.683     56.457
      9.240   -228.723    193.279      1.045    127.856    -18.154     56.454
      9.250   -227.441    193.096      1.610    128.417    -18.629     56.450
      9.260   -226.155    192.907      2.174    128.981    -19.108     56.444
      9.270   -224.862    192.713      2.739    129.546    -19.592     56.437
      9.280   -223.564    192.515      3.303    130.115    -20.080     56.429
      9.290   -222.260    192.312      3.867    130.685    -20.573     56.419
      9.300   -220.950    192.104      4.431    131.258    -21.070     56.407
      9.310   -219.634    191.890      4.995    131.834    -21.571     56.393
      9.320   -218.313    191.672      5.559    132.412    -22.078     56.378
      9.330   -216.986    191.449      6.123    132.992    -22.589     56.362
      9.340   -215.653    191.220      6.686    133.576    -23.104     56.343
      9.350   -214.315    190.987      7.250    134.161    -23.625     56.323
      9.360   -212.970    190.748      7.813    134.749    -24.151     56.301
      9.370   -211.620    190.504      8.376    135.340    -24.681     56.278
      9.380   -210.263    190.254      8.938    135.934    -25.217     56.252
      9.390   -208.901    189.999      9.501    136.530    -25.758     56.225
      9.400   -207.533    189.739     10.063    137.129    -26.304     56.195
      9.410   -206.158    189.473     10.625    137.731    -26.855     56.164
      9.420   -204.778    189.202     11.186    138.335    -27.412     56.131
      9.430   -203.392    188.925     11.747    138.942    -27.974     56.095
      9.440   -201.999    188.642     12.308    139.552    -28.542     56.058
      9.450   -200.601    188.354     12.868    140.164    -29.116     56.018
      9.460   -199.196    188.060     13.428    140.780    -29.695     55.977
      9.470   -197.785    187.760     13.988    141.398    -30.281     55.933
      9.480   -196.368    187.454     14.547    142.019    -30.872     55.886
      9.490   -194.945    187.143     15.106    142.643    -31.469     55.838
      9.500   -193.515    186.825     15.664    143.270    -32.073     55.787
      9.510   -192.079    186.501     16.221    143.899    -32.682     55.733
      9.520   -190.637    186.171     16.778    144.532    -33.298     55.677
      9.530   -189.189    185.835     17.335    145.168    -33.921     55.619
      9.540   -187.734    185.493     17.891    145.806    -34.550     55.558
      9.550   -186.272    185.144     18.446    146.448    -35.186     55.494
      9.560   -184.805    184.789     19.001    147.093    -35.828     55.427
      9.570   -183.331    184.427     19.555    147.740    -36.478     55.358
      9.580   -181.850    184.059     20.108    148.391    -37.135     55.286
      9.590   -180.363    183.685     20.660    149.045    -37.798     55.211
      9.600   -178.869    183.303     21.212    149.702    -38.470     55.133
      9.610   -177.369    182.915     21.763    150.362    -39.148     55.051
      9.620   -175.862    182.520     22.313    151.025    -39.834     54.967
      9.630   -174.348    182.119     22.862    151.691    -40.528     54.879
      9.640   -172.828    181.710     23.411    152.361    -41.229     54.789
      9.650   -171.301    181.294     23.958    153.033    -41.939     54.694
      9.660   -169.767    180.871     24.504    153.709    -42.657     54.597
      9.670   -168.227    180.441     25.050    154.388    -43.383     54.495
      9.680   -166.679    180.003     25.594    155.070    -44.117     54.390
      9.690   -165.125    179.558     26.138    155.756    -44.860     54.282
      9.700   -163.564    179.106     26.680    156.445    -45.611     54.169
      9.710   -161.996    178.646     27.221    157.137    -46.372     54.053
      9.720   -160.421    178.179     27.761    157.832    -47.141     53.932
      9.730   -158.840    177.703     28.300    158.531    -47.920     53.808
      9.740   -157.251    177.220     28.837    159.233    -48.708     53.679
      9.750   -155.655    176.729     29.373    159.938    -49.506     53.546
      9.760   -154.052    176.230     29.908    160.646    -50.313     53.408
      9.770   -152.442    175.723     30.441    161.358    -51.131     53.266
      9.780   -150.825    175.207     30.973    162.073    -51.958     53.119
      9.790   -149.201    174.684     31.504    162.792    -52.796     52.967
      9.800   -147.569    174.151     32.033    163.514    -53.645     52.810
      9.810   -145.930    173.611     32.560    164.239    -54.504     52.649
      9.820   -144.284    173.061     33.086    164.967    -55.374     52.482
      9.830   -142.631    172.503     33.610    165.699    -56.255     52.309
      9.840   -140.970    171.936     34.132    166.434    -57.148     52.131
      9.850   -139.302    171.360     34.652    167.172    -58.052     51.948
      9.860   -137.627    170.775     35.171    167.914    -58.968     51.758
      9.870   -135.944    170.181     35.687    168.659    -59.897     51.563
      9.880   -134.254    169.577     36.202    169.407    -60.837     51.361
      9.890   -132.556    168.964     36.714    170.158    -61.791     51.154
      9.900   -130.850    168.341     37.225    170.912    -62.757     50.939
      9.910   -129.138    167.709     37.733    171.670    -63.736     50.718
      9.920   -127.417    167.066     38.239    172.431    -64.728     50.490
      9.930   -125.689    166.414     38.743    173.194    -65.735     50.255
      9.940   -123.953    165.751     39.244    173.961    -66.755     50.013
      9.950   -122.210    165.079     39.743    174.731    -67.789     49.763
      9.960   -120.458    164.396     40.240    175.503    -68.838     49.505
      9.970   -118.700    163.702     40.733    176.279    -69.902     49.240
      9.980   -116.933    162.998     41.224    177.057    -70.981     48.966
      9.990   -115.158    162.282     41.713    177.838    -72.076     48.684
     10.000   -113.376    161.556     42.198    178.622    -73.186     48.393
     10.010   -111.586    160.818     42.680    179.408    -74.313     48.093
